###################### HEADER ######################
# SNNAME:	SN 2020jfo
###################### HEADER ######################


# FILTER c
#        MJD  MAG  MAGERR  Upperlimit  Instrument  Telescope  Source
	58982	5691.930649510218	14.12843472770376	F	nan	nan	nan
	58986	5103.465696979999	13.32111955174536	F	nan	nan	nan
	58990	5020.419410211701	15.47182757004085	F	nan	nan	nan
	58994	4609.998668999445	26.19336231436897	F	nan	nan	nan
	59022	3133.929337813876	11.84601374258616	F	nan	nan	nan
	59042	713.426439166464	10.06859058345855	F	nan	nan	nan


# FILTER g
#        MJD  MAG  MAGERR  Upperlimit  Instrument  Telescope  Source
	58975	2515.166847808893	70.52248654439417	F	nan	nan	nan
	58978	5647.13798973859	138.9016678772267	F	nan	nan	nan
	58981	6085.66441285692	113.171103526316	F	nan	nan	nan
	58986	5165.205442928129	109.6892207402344	F	nan	nan	nan
	58992	4636.023193252384	84.39843669416574	F	nan	nan	nan
	58995	4201.523529159059	89.42989222999084	F	nan	nan	nan
	58998	3840.229681508441	100.5497380799375	F	nan	nan	nan
	59005	3226.808557337142	77.1895314032968	F	nan	nan	nan
	59009	3110.378204466894	64.39448469638577	F	nan	nan	nan
	59014	2799.729027035002	57.63457319238765	F	nan	nan	nan
	59020	2561.221860787266	71.01561953514562	F	nan	nan	nan
	59023	2410.893355320821	54.02874772430202	F	nan	nan	nan
	59033	1629.76279762593	37.23406773399848	F	nan	nan	nan
	59037	1126.035286010968	42.47443509131553	F	nan	nan	nan


# FILTER o
#        MJD  MAG  MAGERR  Upperlimit  Instrument  Telescope  Source
	58976	3447.304132621722	21.1682879795917	F	nan	nan	nan
	58978	5212.2831485315	27.82480034882743	F	nan	nan	nan
	58980	5723.166754182607	62.24270014873724	F	nan	nan	nan
	58984	5391.147324427815	12.54267664818119	F	nan	nan	nan
	58988	5387.950535563316	15.51273071705571	F	nan	nan	nan
	58992	5356.249515708041	14.64693241548469	F	nan	nan	nan
	58996	5156.340638280401	27.81111161757447	F	nan	nan	nan
	58998	5288.498676466491	15.74270771061503	F	nan	nan	nan
	59004	4971.739898297545	16.89703276386996	F	nan	nan	nan
	59005	5100.453587757302	20.27053821611816	F	nan	nan	nan
	59006	5040.346579327642	16.6241864473822	F	nan	nan	nan
	59008	4981.663630879154	33.74222410649606	F	nan	nan	nan
	59010	5041.168338852993	14.97860068575556	F	nan	nan	nan
	59016	4779.538893182593	16.03691588394903	F	nan	nan	nan
	59020	4586.94993519914	16.40887857495945	F	nan	nan	nan
	59024	4338.308182884369	14.42058776654464	F	nan	nan	nan
	59026	4385.000023201924	31.08209897640822	F	nan	nan	nan
	59030	4169.999472154112	28.51344179700509	F	nan	nan	nan
	59032	3649.582622139891	23.5767881733222	F	nan	nan	nan
	59034	3412.98830405058	20.75010089587711	F	nan	nan	nan
	59036	3060.404275372528	13.15504326978339	F	nan	nan	nan
	59040	1873.126896484457	12.67686973599075	F	nan	nan	nan
	59044	1022.86613441837	10.90662831935264	F	nan	nan	nan
	59064	768.2949878909307	19.96849342251046	F	nan	nan	nan


# FILTER r
#        MJD  MAG  MAGERR  Upperlimit  Instrument  Telescope  Source
	58975	1425.984483917668	47.17447763384106	F	nan	nan	nan
	58978	5056.825880316093	165.7612256627842	F	nan	nan	nan
	58981	6033.865150536397	182.7326553233374	F	nan	nan	nan
	58986	5508.726362507351	152.7932441545839	F	nan	nan	nan
	58992	5771.368436807052	130.8120891199666	F	nan	nan	nan
	58995	5472.074481231269	108.4752770999474	F	nan	nan	nan
	58998	5436.437505879092	139.1111730144391	F	nan	nan	nan
	59017	4858.640880577863	112.3061666432171	F	nan	nan	nan
	59020	4727.757584289438	169.1562863215509	F	nan	nan	nan
	59033	3705.479372516666	79.75696984634305	F	nan	nan	nan


